inf 
2085.184206 
2282.186791 
3438.107190 
4339.252390 
3812.692255 
75.401194 
71.218027 
3.017488 
76.570260 
1055.424062 
119.674860 
9.351263 
55.248287 
99.345831 
184.932691 
54.983327 
85.337986 
540.659583 
18.206989 
73.449888 
243.567728 
84.766614 
187.284796 
63.042925 
431.825758 
370.156584 
67.635261 
311.489635 
68.485750 
334.896667 
35.689404 
116.132215 
53.878455 
45.197331 
273.487871 
92.902355 
148.749811 
67.826937 
109.003761 
107.921274 
53.958240 
188.973637 
341.108685 
34.985872 
3.771695 
41.035691 
261.645957 
152.608848 
295.906323 
86.821300 
398.355320 
231.640808 
272.857434 
319.248521 
491.105077 
7.901250 
217.979090 
105.122667 
63.799530 
148.045684 
113.936496 
30.467813 
33.252885 
27.603532 
195.191401 
149.015786 
42.554326 
228.225985 
9.053416 
59.281070 
151.747609 
409.449548 
72.641859 
94.385354 
116.081624 
215.280480 
80.688635 
0.711773 
229.695197 
82.934134 
40.247710 
347.774547 
42.904672 
237.959539 
29.103024 
82.316186 
1.472768 
16.295298 
254.126631 
420.237412 
5.164668 
31.913863 
56.818443 
70.472392 
119.058610 
9.153090 
199.221151 
46.523912 
114.189490 
129.418408 
94.567688 
235.441696 
90.252365 
84.667579 
399.190890 
83.685477 
502.354255 
16.534484 
149.170007 
103.612714 
34.004325 
45.297970 
206.062438 
44.638314 
167.387982 
187.912644 
304.131801 
37.797864 
74.726801 
74.988293 
97.140737 
277.275876 
55.823480 
82.097751 
165.884182 
2.340384 
7.810097 
59.016036 
407.877339 
93.636046 
61.204602 
783.741017 
423.859366 
17.330927 
26.865132 
10.753386 
70.681245 
23.736662 
46.047821 
245.580228 
35.079172 
125.740936 
25.867176 
112.563340 
140.466609 
214.443559 
57.941820 
59.150113 
28.854351 
7.183678 
44.774652 
185.658971 
29.692243 
316.172063 
76.200564 
102.523712 
2.755602 
152.593189 
171.168626 
65.334973 
87.363474 
169.979019 
48.279374 
17.850056 
10.631941 
47.167223 
15.042379 
14.497217 
158.739797 
35.538842 
118.969257 
87.971493 
237.267665 
118.805714 
190.483070 
40.646599 
151.266490 
22.291076 
30.827260 
119.083675 
71.219279 
29.998122 
735.346486 
87.415703 
22.023308 
396.987173 
431.604090 
278.646956 
64.109254 
174.823037 
135.620567 
49.751755 
39.653960 
27.702316 
94.549721 
274.071688 
102.922629 
51.469215 
53.299192 
2.220882 
103.501667 
76.717670 
252.646067 
622.232892 
385.751336 
348.154795 
85.055961 
306.406224 
43.894793 
3.099800 
100.915456 
99.266049 
404.018833 
150.656997 
277.497961 
52.295911 
23.557041 
134.730013 
19.443986 
138.216284 
113.080405 
139.925140 
279.058394 
75.623975 
12.032201 
120.207728 
89.963212 
105.753423 
129.001823 
21.559691 
85.547701 
28.391852 
16.948535 
4.318667 
20.454036 
18.782980 
230.889470 
139.230158 
147.664697 
4.392986 
24.619208 
281.943808 
184.968981 
62.319859 
22.390634 
13.704462 
18.611875 
76.993623 
37.351308 
16.400251 
46.151003 
69.032645 
43.600872 
42.031540 
70.964180 
27.510964 
140.387804 
4.181304 
18.461209 
276.850189 
102.938029 
13.130370 
52.177384 
1.345153 
56.007945 
108.161456 
96.753856 
131.922154 
207.528266 
12.171588 
58.197084 
50.778105 
89.549939 
130.761122 
53.671234 
330.206064 
147.281677 
236.323930 
147.466336 
329.683316 
16.688405 
10.235842 
7.879968 
242.969894 
3.814634 
162.907917 
14.455661 
84.752284 
31.262681 
47.001581 
25.469962 
93.784855 
60.566029 
15.805636 
11.612154 
87.817181 
2.501737 
232.020017 
34.568379 
20.097255 
13.352054 
192.571986 
99.379992 
10.535169 
22.501364 
106.902698 
103.095384 
67.270410 
64.198256 
333.915566 
109.858650 
71.757794 
7.988126 
12.740917 
23.949430 
124.373473 
108.613522 
6.142965 
96.624104 
99.375708 
41.605866 
67.910052 
14.151084 
66.316894 
108.544944 
123.331250 
21.545353 
16.175381 
411.056609 
9.550748 
57.237075 
84.715585 
144.412739 
154.005349 
161.422475 
1.828626 
16.999855 
103.693293 
72.491759 
54.658369 
45.487794 
5.991281 
116.843177 
64.481895 
46.712992 
50.722256 
10.010910 
109.485873 
78.998557 
119.484555 
8.128433 
8.075383 
13.947794 
16.613385 
102.706143 
24.864140 
148.001139 
29.147999 
112.723381 
1.790766 
29.004494 
37.850018 
82.724724 
5.555936 
106.988003 
38.904050 
27.702671 
87.032225 
0.779380 
15.676157 
1.992129 
134.803637 
194.697284 
137.501737 
43.592715 
54.457559 
13.051902 
18.013991 
8.085569 
95.758015 
18.862785 
7.456591 
103.403727 
60.750984 
65.196944 
38.276583 
137.180812 
72.018793 
87.995416 
24.858194 
25.120139 
130.724653 
32.375023 
61.176627 
6.408728 
25.707448 
15.555586 
88.746219 
102.781059 
37.307731 
479.966314 
6.463545 
7.989562 
33.164978 
31.495044 
6.926173 
21.755103 
90.520534 
205.219605 
739.427330 
3.570691 
139.196854 
36.978623 
208.027390 
22.365339 
21.857090 
36.380683 
40.307228 
87.923992 
119.610448 
100.143268 
64.350691 
13.565617 
131.886268 
84.074838 
54.482009 
5.231468 
8.829215 
6.812535 
22.017753 
0.216259 
40.978552 
81.475738 
5.204843 
38.438468 
82.643369 
117.882385 
89.722712 
107.864822 
36.801733 
44.071672 
24.582240 
21.942899 
174.449804 
132.748160 
65.641262 
8.505309 
9.621541 
266.655826 
92.556037 
25.679449 
147.574855 
21.877538 
89.953940 
63.505990 
38.525749 
27.367609 
27.910404 
6.959493 
30.531689 
74.906399 
8.938700 
7.144479 
7.427435 
0.760855 
54.641205 
53.774684 
30.872343 
8.561974 
72.903395 
13.298040 
92.978276 
184.732701 
120.008310 
15.352119 
5.736567 
72.101109 
85.756314 
129.762060 
73.247237 
13.181630 
205.436054 
243.384102 
212.461967 
149.901720 
362.926375 
757.778106 
515.036128 
417.576820 
130.402706 
16.580128 
49.103087 
46.511187 
29.665777 
32.441232 
180.905371 
117.301423 
29.217233 
10.638906 
20.970147 
9.349664 
47.379601 
6.307054 
30.618500 
26.615113 
57.309265 
80.434405 
11.356146 
104.142234 
26.800370 
80.586866 
21.205123 
127.711035 
84.901668 
62.641056 
15.507023 
41.774667 
19.348166 
1.108731 
0.450839 
134.776701 
30.080190 
53.086611 
131.525317 
48.727445 
3.132260 
19.485469 
44.322211 
64.232246 
61.413191 
183.863368 
9.156498 
22.165216 
134.942241 
1.309703 
4.563042 
1.725112 
42.664326 
78.255278 
74.034914 
64.759791 
8.419568 
1.752804 
91.070721 
53.399039 
29.440967 
30.943088 
4.095345 
51.429119 
45.953505 
15.189508 
24.905194 
27.088597 
26.641230 
11.148415 
59.501162 
1.536093 
8.460850 
25.598631 
21.815520 
34.211652 
18.804681 
34.216136 
67.399106 
31.887477 
51.817047 
41.811998 
39.775624 
100.116823 
158.594533 
49.833363 
129.982116 
1.406464 
29.889939 
7.415737 
19.186825 
0.101519 
25.661647 
97.619504 
117.834664 
10.539631 
35.898255 
121.095838 
26.146299 
67.940302 
120.048918 
149.188670 
71.115264 
110.862249 
2.598780 
1.992026 
35.399829 
2.445591 
18.649062 
65.162248 
20.349989 
154.122496 
122.617898 
313.772436 
147.788934 
7.807519 
51.145933 
12.223460 
23.177268 
54.586587 
40.741303 
23.814267 
27.852868 
23.343171 
22.532334 
24.501567 
46.458013 
28.643536 
300.088966 
312.736603 
96.864783 
191.714172 
128.797209 
118.078391 
39.440360 
59.673333 
8.260658 
19.103591 
81.804213 
52.199441 
18.203074 
58.323498 
10.359288 
27.080056 
140.311093 
13.043680 
55.040534 
7.957973 
30.040062 
8.172682 
131.920072 
96.494706 
7.602697 
37.391252 
37.201154 
2.404367 
133.871890 
41.145021 
56.644526 
3.695859 
118.166379 
36.705340 
86.173051 
17.226668 
289.749978 
955.884380 
155.923399 
298.459193 
487.255668 
265.385078 
760.015890 
190.971399 
350.700131 
82.156874 
224.072337 
20.296526 
147.302988 
42.799321 
150.596742 
21.052575 
203.108564 
204.420591 
92.251835 
190.201384 
29.629642 
28.587224 
13.089643 
35.726511 
34.628948 
17.423716 
7.048821 
14.180341 
33.923595 
34.361879 
56.406002 
29.908452 
93.417967 
2.310922 
12.883907 
112.956799 
15.690929 
38.546499 
40.068397 
32.851924 
83.582445 
76.788680 
27.167864 
10.994677 
4.905273 
28.214673 
138.867778 
39.321099 
127.477624 
86.181242 
49.993781 
4.913103 
89.433482 
9.950191 
62.654355 
69.620626 
56.406207 
8.236863 
77.022940 
25.619365 
98.472708 
157.677481 
21.905081 
108.224831 
73.738743 
24.668229 
32.853177 
28.382958 
30.516673 
9.537724 
38.160618 
161.507270 
46.520807 
19.430360 
21.769764 
121.814356 
33.629205 
16.406695 
4.312160 
45.119173 
13.539479 
17.911445 
22.143243 
18.839565 
32.399600 
18.848123 
9.282507 
55.069014 
30.588274 
58.401404 
42.058098 
40.591131 
8.013096 
29.786490 
124.351990 
30.242631 
38.059305 
20.889083 
50.901692 
2.135640 
17.336414 
52.257172 
6.487350 
91.291517 
15.033399 
0.631906 
2.229699 
7.765666 
4.869036 
13.315498 
11.522389 
3.334486 
23.248346 
22.210640 
14.266316 
26.674694 
11.920062 
19.392719 
89.977039 
9.788022 
48.746559 
28.650257 
152.520440 
36.563792 
38.707655 
13.792141 
2.608906 
19.033080 
3.611000 
68.589635 
2.126182 
1.820098 
62.269616 
6.070186 
1.179483 
17.685020 
132.720538 
7.422215 
53.653957 
4.988796 
16.282501 
2.074654 
102.364570 
3.858858 
10.712867 
9.464894 
3.207555 
23.433025 
26.711759 
37.787174 
41.941149 
51.027030 
0.939681 
101.779483 
51.746701 
84.884587 
9.587933 
14.665997 
17.824930 
21.781707 
146.696604 
27.988995 
4.868815 
36.536598 
11.784531 
23.111393 
99.201758 
12.606604 
101.196449 
155.132802 
113.812285 
12.086344 
75.594198 
72.762666 
2.953968 
133.902057 
50.201328 
190.336008 
31.357868 
17.772595 
58.990940 
66.121637 
99.595166 
125.269234 
1.647765 
3.227171 
4.069615 
64.667445 
0.529453 
139.351582 
17.576101 
26.426737 
45.044579 
23.385603 
17.887333 
43.343920 
17.551034 
38.076982 
16.882848 
18.272434 
17.842014 
37.036387 
15.142944 
17.732268 
60.466867 
19.379578 
7.604874 
26.542848 
8.871043 
123.378626 
0.964860 
26.869408 
32.204617 
12.981783 
65.204104 
33.015926 
2.682383 
17.087156 
6.992085 
43.523694 
0.109729 
10.929409 
69.274336 
15.839665 
27.543255 
40.667945 
21.324048 
2.092896 
25.106833 
25.918600 
18.961302 
15.395219 
51.043179 
51.375949 
32.224101 
3.349503 
80.314091 
13.826406 
94.451844 
4.681991 
76.060416 
22.690245 
49.135226 
35.259545 
1.371471 
22.837370 
28.856876 
2.290732 
35.924224 
28.184584 
33.464855 
11.235985 
83.766827 
32.077332 
45.716180 
80.049641 
0.443976 
56.147932 
59.507156 
40.690648 
13.442360 
114.010284 
62.781986 
11.866268 
67.846166 
39.590005 
48.142663 
4.714576 
74.648364 
3.793726 
17.704063 
22.890368 
43.363117 
33.474003 
21.594423 
1.977955 
56.094624 
13.234764 
9.082059 
2.843052 
70.784699 
7.399552 
6.996023 
4.048433 
4.853139 
62.270859 
15.692869 
36.684473 
93.613226 
48.502036 
55.973962 
88.690187 
26.961996 
6.888208 
2.774998 
43.231324 
39.422849 
20.173132 
4.809270 
53.049380 
29.131072 
50.486246 
6.975327 
124.149296 
46.181510 
14.456787 
28.579943 
2.797046 
20.485317 
45.918311 
2.747463 
56.110404 
6.425676 
3.969470 
15.928688 
103.375825 
12.034259 
23.151760 
38.320880 
54.663078 
49.700164 
37.359355 
16.884294 
16.466252 
19.230993 
24.034932 
26.196953 
74.995355 
7.967419 
113.135600 
154.913377 
73.555406 
24.591373 
30.817157 
70.427631 
7.061855 
33.079389 
7.025411 
50.137209 
10.337609 
22.286491 
4.986295 
2.865014 
51.059646 
36.254147 
14.140276 
30.019787 
1.671914 
1.124143 
0.444885 
7.911038 
60.069631 
24.097215 
48.938843 
33.745179 
60.987552 
16.744916 
14.405579 
38.291154 
23.088915 
25.462789 
3.594927 
1.269978 
68.176628 
10.212274 
26.714461 
130.806826 
34.126972 
47.810750 
9.418070 
5.625038 
65.525444 
59.099967 
124.123380 
0.000000 
0.000000 
0.000000 
0.000000 
0.000000 
0.000000 
0.000000 
0.000000 
0.000000 
0.000000 
0.000000 
0.000000 
0.000000 
0.000000 
0.000000 
0.000000 
0.000000 
0.000000 
0.000000 
0.000000 
0.000000 
0.000000 
0.000000 
0.000000 
0.000000 
0.000000 
0.000000 
0.000000 
0.000000 
0.000000 
0.000000 
0.000000 
0.000000 
0.000000 
0.000000 
0.000000 
0.000000 
0.000000 
0.000000 
0.000000 
0.000000 
0.000000 
0.000000 
0.000000 
0.000000 
0.000000 
0.000000 
0.000000 
0.000000 
0.000000 
0.000000 
0.000000 
0.000000 
0.000000 
0.000000 
0.000000 
0.000000 
0.000000 
0.000000 
0.000000 
0.000000 
0.000000 
0.000000 
0.000000 
0.000000 
0.000000 
0.000000 
0.000000 
0.000000 
0.000000 
0.000000 
0.000000 
0.000000 
0.000000 
0.000000 
0.000000 
0.000000 
0.000000 
0.000000 
0.000000 
0.000000 
0.000000 
0.000000 
0.000000 
0.000000 
0.000000 
0.000000 
0.000000 
0.000000 
0.000000 
0.000000 
0.000000 
0.000000 
0.000000 
0.000000 
0.000000 
0.000000 
0.000000 
0.000000 
0.000000 
0.000000 
0.000000 
0.000000 
0.000000 
0.000000 
0.000000 
0.000000 
0.000000 
0.000000 
0.000000 
0.000000 
0.000000 
0.000000 
0.000000 
0.000000 
0.000000 
0.000000 
0.000000 
0.000000 
0.000000 
0.000000 
0.000000 
0.000000 
0.000000 
0.000000 
0.000000 
0.000000 
0.000000 
0.000000 
0.000000 
0.000000 
0.000000 
0.000000 
0.000000 
0.000000 
0.000000 
0.000000 
0.000000 
0.000000 
0.000000 
0.000000 
0.000000 
0.000000 
0.000000 
0.000000 
0.000000 
0.000000 
0.000000 
0.000000 
0.000000 
0.000000 
0.000000 
0.000000 
0.000000 
0.000000 
0.000000 
0.000000 
0.000000 
0.000000 
0.000000 
0.000000 
0.000000 
0.000000 
0.000000 
0.000000 
0.000000 
0.000000 
0.000000 
0.000000 
0.000000 
0.000000 
0.000000 
0.000000 
0.000000 
0.000000 
0.000000 
0.000000 
0.000000 
0.000000 
0.000000 
0.000000 
0.000000 
0.000000 
0.000000 
0.000000 
0.000000 
0.000000 
0.000000 
0.000000 
0.000000 
0.000000 
0.000000 
0.000000 
0.000000 
0.000000 
0.000000 
0.000000 
0.000000 
0.000000 
0.000000 
0.000000 
0.000000 
0.000000 
0.000000 
0.000000 
0.000000 
0.000000 
0.000000 
0.000000 
0.000000 
0.000000 
0.000000 
0.000000 
0.000000 
0.000000 
0.000000 
0.000000 
0.000000 
0.000000 
0.000000 
0.000000 
0.000000 
0.000000 
0.000000 
0.000000 
0.000000 
0.000000 
0.000000 
0.000000 
0.000000 
0.000000 
0.000000 
0.000000 
0.000000 
0.000000 
0.000000 
0.000000 
0.000000 
0.000000 
0.000000 
0.000000 
0.000000 
0.000000 
0.000000 
0.000000 
0.000000 
0.000000 
0.000000 
0.000000 
0.000000 
0.000000 
0.000000 
0.000000 
0.000000 
0.000000 
0.000000 
0.000000 
0.000000 
0.000000 
0.000000 
0.000000 
0.000000 
0.000000 
0.000000 
0.000000 
0.000000 
0.000000 
0.000000 
0.000000 
0.000000 
0.000000 
0.000000 
0.000000 
0.000000 
0.000000 
0.000000 
0.000000 
0.000000 
0.000000 
0.000000 
0.000000 
0.000000 
0.000000 
0.000000 
0.000000 
0.000000 
0.000000 
0.000000 
0.000000 
0.000000 
0.000000 
0.000000 
0.000000 
0.000000 
0.000000 
0.000000 
0.000000 
0.000000 
0.000000 
0.000000 
0.000000 
0.000000 
0.000000 
0.000000 
0.000000 
0.000000 
0.000000 
0.000000 
0.000000 
0.000000 
0.000000 
0.000000 
0.000000 
0.000000 
0.000000 
0.000000 
0.000000 
0.000000 
0.000000 
0.000000 
0.000000 
0.000000 
0.000000 
0.000000 
0.000000 
0.000000 
0.000000 
0.000000 
0.000000 
0.000000 
0.000000 
0.000000 
0.000000 
0.000000 
0.000000 
0.000000 
0.000000 
0.000000 
0.000000 
0.000000 
0.000000 
0.000000 
0.000000 
0.000000 
0.000000 
0.000000 
0.000000 
0.000000 
0.000000 
0.000000 
0.000000 
0.000000 
0.000000 
0.000000 
0.000000 
0.000000 
0.000000 
0.000000 
0.000000 
0.000000 
0.000000 
0.000000 
0.000000 
0.000000 
0.000000 
0.000000 
0.000000 
0.000000 
0.000000 
0.000000 
0.000000 
0.000000 
0.000000 
0.000000 
0.000000 
0.000000 
0.000000 
0.000000 
0.000000 
0.000000 
0.000000 
0.000000 
0.000000 
0.000000 
0.000000 
0.000000 
0.000000 
0.000000 
0.000000 
0.000000 
0.000000 
0.000000 
0.000000 
0.000000 
0.000000 
0.000000 
0.000000 
0.000000 
0.000000 
0.000000 
0.000000 
0.000000 
0.000000 
0.000000 
0.000000 
0.000000 
0.000000 
0.000000 
0.000000 
0.000000 
0.000000 
0.000000 
0.000000 
0.000000 
0.000000 
0.000000 
0.000000 
0.000000 
0.000000 
0.000000 
0.000000 
0.000000 
0.000000 
0.000000 
0.000000 
0.000000 
0.000000 
0.000000 
0.000000 
0.000000 
0.000000 
0.000000 
0.000000 
0.000000 
0.000000 
0.000000 
0.000000 
0.000000 
0.000000 
0.000000 
0.000000 
0.000000 
0.000000 
0.000000 
0.000000 
0.000000 
0.000000 
0.000000 
0.000000 
0.000000 
0.000000 
0.000000 
0.000000 
0.000000 
0.000000 
0.000000 
0.000000 
0.000000 
0.000000 
0.000000 
0.000000 
0.000000 
0.000000 
0.000000 
0.000000 
0.000000 
0.000000 
0.000000 
0.000000 
0.000000 
0.000000 
0.000000 
0.000000 
0.000000 
0.000000 
0.000000 
0.000000 
0.000000 
0.000000 
0.000000 
0.000000 
0.000000 
0.000000 
0.000000 
0.000000 
0.000000 
0.000000 
0.000000 
0.000000 
0.000000 
0.000000 
0.000000 
0.000000 
0.000000 
0.000000 
0.000000 
0.000000 
0.000000 
0.000000 
0.000000 
0.000000 
0.000000 
0.000000 
0.000000 
0.000000 
0.000000 
0.000000 
0.000000 
0.000000 
0.000000 
0.000000 
0.000000 
0.000000 
0.000000 
0.000000 
0.000000 
0.000000 
0.000000 
0.000000 
0.000000 
0.000000 
0.000000 
0.000000 
0.000000 
0.000000 
0.000000 
0.000000 
0.000000 
0.000000 
0.000000 
0.000000 
0.000000 
0.000000 
0.000000 
0.000000 
0.000000 
0.000000 
0.000000 
0.000000 
0.000000 
0.000000 
0.000000 
0.000000 
0.000000 
0.000000 
0.000000 
0.000000 
0.000000 
0.000000 
0.000000 
0.000000 
0.000000 
0.000000 
0.000000 
0.000000 
0.000000 
0.000000 
0.000000 
0.000000 
0.000000 
0.000000 
0.000000 
0.000000 
0.000000 
0.000000 
0.000000 
0.000000 
0.000000 
0.000000 
0.000000 
0.000000 
0.000000 
0.000000 
0.000000 
0.000000 
0.000000 
0.000000 
0.000000 
0.000000 
0.000000 
0.000000 
0.000000 
0.000000 
0.000000 
0.000000 
0.000000 
0.000000 
0.000000 
0.000000 
0.000000 
0.000000 
0.000000 
0.000000 
0.000000 
0.000000 
0.000000 
0.000000 
0.000000 
0.000000 
0.000000 
0.000000 
0.000000 
0.000000 
0.000000 
0.000000 
0.000000 
0.000000 
0.000000 
0.000000 
0.000000 
0.000000 
0.000000 
0.000000 
0.000000 
0.000000 
0.000000 
0.000000 
0.000000 
0.000000 
0.000000 
0.000000 
0.000000 
0.000000 
0.000000 
0.000000 
0.000000 
0.000000 
0.000000 
0.000000 
0.000000 
0.000000 
0.000000 
0.000000 
0.000000 
0.000000 
0.000000 
0.000000 
0.000000 
0.000000 
0.000000 
0.000000 
0.000000 
0.000000 
0.000000 
0.000000 
0.000000 
0.000000 
0.000000 
0.000000 
0.000000 
0.000000 
0.000000 
0.000000 
0.000000 
0.000000 
0.000000 
0.000000 
0.000000 
0.000000 
0.000000 
0.000000 
0.000000 
0.000000 
0.000000 
0.000000 
0.000000 
0.000000 
0.000000 
0.000000 
0.000000 
0.000000 
0.000000 
0.000000 
0.000000 
0.000000 
0.000000 
0.000000 
0.000000 
0.000000 
0.000000 
0.000000 
0.000000 
0.000000 
0.000000 
0.000000 
0.000000 
0.000000 
0.000000 
0.000000 
0.000000 
0.000000 
0.000000 
0.000000 
0.000000 
0.000000 
0.000000 
0.000000 
0.000000 
0.000000 
0.000000 
0.000000 
0.000000 
0.000000 
0.000000 
0.000000 
0.000000 
0.000000 
0.000000 
0.000000 
0.000000 
0.000000 
0.000000 
0.000000 
0.000000 
0.000000 
0.000000 
0.000000 
0.000000 
0.000000 
0.000000 
0.000000 
0.000000 
0.000000 
0.000000 
0.000000 
0.000000 
0.000000 
0.000000 
0.000000 
0.000000 
0.000000 
0.000000 
0.000000 
0.000000 
0.000000 
0.000000 
0.000000 
0.000000 
0.000000 
0.000000 
0.000000 
0.000000 
0.000000 
0.000000 
0.000000 
0.000000 
0.000000 
0.000000 
0.000000 
0.000000 
0.000000 
0.000000 
0.000000 
0.000000 
0.000000 
0.000000 
0.000000 
0.000000 
0.000000 
0.000000 
0.000000 
0.000000 
0.000000 
0.000000 
0.000000 
0.000000 
0.000000 
0.000000 
0.000000 
0.000000 
0.000000 
0.000000 
0.000000 
0.000000 
0.000000 
0.000000 
0.000000 
0.000000 
0.000000 
0.000000 
0.000000 
0.000000 
0.000000 
0.000000 
0.000000 
0.000000 
0.000000 
0.000000 
0.000000 
0.000000 
0.000000 
0.000000 
0.000000 
0.000000 
0.000000 
0.000000 
0.000000 
0.000000 
0.000000 
0.000000 
0.000000 
0.000000 
0.000000 
0.000000 
0.000000 
0.000000 
0.000000 
0.000000 
0.000000 
0.000000 
0.000000 
0.000000 
0.000000 
0.000000 
0.000000 
0.000000 
0.000000 
0.000000 
0.000000 
0.000000 
0.000000 
0.000000 
0.000000 
0.000000 
0.000000 
0.000000 
0.000000 
0.000000 
0.000000 
0.000000 
0.000000 
0.000000 
0.000000 
0.000000 
0.000000 
0.000000 
0.000000 
0.000000 
0.000000 
0.000000 
0.000000 
0.000000 
0.000000 
0.000000 
0.000000 
0.000000 
0.000000 
0.000000 
0.000000 
0.000000 
0.000000 
0.000000 
0.000000 
0.000000 
0.000000 
0.000000 
0.000000 
0.000000 
0.000000 
0.000000 
0.000000 
0.000000 
0.000000 
0.000000 
0.000000 
0.000000 
0.000000 
0.000000 
0.000000 
0.000000 
0.000000 
0.000000 
0.000000 
0.000000 
0.000000 
0.000000 
0.000000 
0.000000 
0.000000 
0.000000 
0.000000 
0.000000 
0.000000 
0.000000 
0.000000 
0.000000 
0.000000 
0.000000 
0.000000 
0.000000 
0.000000 
0.000000 
0.000000 
0.000000 
0.000000 
0.000000 
0.000000 
0.000000 
0.000000 
0.000000 
0.000000 
0.000000 
0.000000 
0.000000 
0.000000 
0.000000 
0.000000 
0.000000 
0.000000 
0.000000 
0.000000 
0.000000 
0.000000 
0.000000 
0.000000 
0.000000 
0.000000 
0.000000 
0.000000 
0.000000 
0.000000 
0.000000 
0.000000 
0.000000 
0.000000 
0.000000 
0.000000 
0.000000 
0.000000 
0.000000 
0.000000 
0.000000 
0.000000 
0.000000 
0.000000 
0.000000 
0.000000 
0.000000 
0.000000 
0.000000 
0.000000 
0.000000 
0.000000 
0.000000 
0.000000 
0.000000 
0.000000 
0.000000 
0.000000 
0.000000 
0.000000 
0.000000 
0.000000 
0.000000 
0.000000 
0.000000 
0.000000 
0.000000 
0.000000 
0.000000 
0.000000 
0.000000 
0.000000 
0.000000 
0.000000 
0.000000 
0.000000 
0.000000 
0.000000 
0.000000 
0.000000 
0.000000 
0.000000 
0.000000 
0.000000 
0.000000 
0.000000 
0.000000 
0.000000 
0.000000 
0.000000 
0.000000 
0.000000 
0.000000 
0.000000 
0.000000 
0.000000 
0.000000 
0.000000 
0.000000 
0.000000 
0.000000 
0.000000 
0.000000 
0.000000 
0.000000 
0.000000 
0.000000 
0.000000 
0.000000 
0.000000 
0.000000 
0.000000 
0.000000 
0.000000 
0.000000 
0.000000 
0.000000 
0.000000 
0.000000 
0.000000 
0.000000 
0.000000 
0.000000 
0.000000 
0.000000 
0.000000 
0.000000 
0.000000 
0.000000 
0.000000 
0.000000 
0.000000 
0.000000 
