inf 
2558.150469 
22.312723 
3190.917624 
1145.840336 
500.629561 
131.121959 
446.555455 
387.713022 
70.225752 
14.802821 
270.178457 
209.820689 
68.014877 
0.910840 
99.575222 
112.041980 
18.570694 
10.518286 
56.029297 
75.109401 
64.821917 
2.763909 
58.222346 
8.589763 
60.641400 
0.884497 
11.072755 
26.323353 
11.936135 
40.132825 
14.901324 
2.814939 
26.583788 
7.642851 
9.706372 
10.766747 
12.039321 
2.421423 
2.461117 
17.003233 
2.861655 
1.913093 
5.288038 
13.949476 
14.091303 
18.286295 
7.868727 
1.119983 
20.170913 
16.927550 
6.409253 
2.377097 
1.435066 
21.226850 
8.020379 
6.341616 
2.853037 
9.153825 
9.272121 
4.080450 
4.047128 
6.529332 
8.527913 
0.906274 
10.795486 
6.133282 
3.665878 
17.365362 
35.083615 
0.217039 
3.262136 
0.047931 
13.990201 
0.451298 
12.245883 
3.572470 
14.128707 
17.120927 
26.060816 
18.322949 
4.620445 
6.028770 
7.796904 
4.701812 
3.547600 
8.927824 
4.225836 
1.441364 
21.769061 
8.122288 
3.400072 
3.641608 
20.311262 
1.237981 
4.639220 
0.925698 
8.260803 
0.333822 
26.935162 
2.908622 
8.926230 
0.060049 
2.733619 
5.610174 
1.155046 
9.934780 
2.150538 
0.500365 
14.290820 
5.368681 
17.965545 
4.428949 
3.428561 
4.929772 
12.803133 
6.260520 
3.630244 
3.026260 
2.213011 
0.407337 
4.979852 
6.499023 
4.926687 
0.972712 
0.355543 
5.616191 
5.861707 
2.752363 
24.099705 
19.337499 
16.624884 
12.000469 
3.630400 
8.922688 
11.917322 
13.318878 
5.726644 
1.035904 
0.220633 
3.680972 
6.889609 
7.759123 
2.894563 
9.518067 
13.048617 
3.873708 
4.588645 
5.996992 
0.649690 
4.709685 
0.542030 
3.607143 
3.670323 
10.266205 
3.085863 
1.963657 
1.184751 
14.033763 
12.708635 
2.823750 
0.366571 
3.631506 
5.893456 
0.091328 
3.521137 
3.449885 
4.683792 
1.912690 
0.981978 
6.474535 
7.011586 
1.198241 
5.366444 
4.604775 
2.423675 
5.157617 
3.586260 
3.651870 
0.995033 
4.262094 
2.905769 
5.780412 
7.028737 
1.570929 
0.729335 
1.278651 
23.372485 
108.191131 
6.825890 
9.010596 
2.132992 
12.512246 
4.077652 
14.505833 
0.988631 
4.132729 
15.761560 
4.640725 
11.339410 
8.176433 
24.049922 
11.052454 
3.355414 
2.961891 
60.161186 
32.687100 
1.339278 
7.261625 
11.034015 
10.540613 
5.924574 
20.222416 
1.018271 
9.426631 
9.662539 
3.655706 
4.939567 
2.215129 
0.471794 
4.774893 
3.055196 
1.907368 
6.318991 
1.059179 
1.724918 
2.945723 
5.066643 
3.904517 
0.016510 
6.504269 
0.958567 
0.457773 
0.906814 
0.126261 
12.823926 
2.040926 
2.243872 
8.714900 
1.512336 
10.665792 
5.370797 
13.730998 
12.161068 
4.276472 
0.175129 
2.507226 
9.369482 
0.697284 
7.772453 
5.753617 
0.065728 
2.844112 
12.278673 
2.959623 
9.570709 
0.146119 
3.229946 
1.515839 
0.186769 
4.422216 
43.562392 
5.242658 
1.316537 
3.322706 
8.342227 
0.972091 
3.911816 
8.737276 
3.649064 
5.407713 
11.425752 
6.535446 
12.662203 
3.065743 
3.132225 
20.383504 
10.288468 
14.441445 
19.588818 
11.399775 
19.111036 
1.220119 
0.431439 
10.740145 
2.039601 
5.258325 
1.188810 
1.180204 
2.984318 
9.909666 
2.482999 
3.559580 
10.009920 
0.019061 
1.283889 
1.353196 
4.188138 
4.772723 
0.936271 
8.451146 
0.625560 
0.171926 
1.177843 
5.235772 
1.435163 
1.108022 
9.719512 
2.101640 
7.256511 
8.750869 
3.224329 
1.942087 
0.586928 
13.106118 
2.858440 
9.330470 
4.730098 
0.783244 
0.724875 
4.755179 
2.574610 
0.073483 
8.588198 
14.576216 
2.717446 
2.122590 
0.963229 
0.541332 
2.473682 
8.119727 
13.554118 
1.491109 
23.109416 
56.739746 
5.446636 
3.765814 
6.724672 
17.081410 
5.128681 
0.946307 
3.590851 
0.847314 
1.171170 
0.636130 
0.611315 
3.313362 
6.934315 
0.620616 
11.299323 
8.674265 
0.821637 
0.560421 
1.127189 
1.679535 
3.768844 
2.074360 
5.125124 
0.540543 
2.380250 
6.648893 
3.463661 
3.730600 
5.470927 
0.348043 
2.427244 
0.112853 
0.320464 
1.492640 
0.870571 
1.401255 
0.561211 
0.153195 
3.963900 
5.723259 
0.129430 
2.080604 
8.326260 
5.017369 
23.188567 
7.222466 
1.753570 
3.015430 
1.332372 
3.238247 
1.578131 
3.556259 
1.070530 
1.219116 
2.499667 
7.989897 
0.034156 
0.267824 
2.245802 
0.553463 
0.024475 
1.076152 
6.428374 
3.181297 
0.159695 
2.096861 
2.884872 
1.842352 
0.876754 
2.262191 
0.593621 
1.116607 
3.498490 
10.309216 
5.284717 
23.248976 
16.206126 
17.382802 
4.404474 
0.301664 
1.077623 
2.693606 
5.621186 
6.679404 
6.112803 
1.931710 
0.987335 
1.131937 
0.881572 
1.170463 
5.734880 
0.018805 
4.657082 
9.891666 
1.257640 
0.194774 
0.321352 
5.023391 
2.088302 
4.443729 
0.858747 
5.691953 
4.627763 
2.100873 
8.270851 
0.205151 
1.588676 
8.189768 
1.053950 
1.174740 
2.768828 
4.209697 
2.071792 
6.089346 
0.247783 
3.146246 
2.388818 
7.967193 
1.370326 
2.713420 
2.580126 
2.697693 
6.013504 
0.068865 
7.158757 
2.296388 
3.024622 
2.534806 
6.613558 
0.678545 
1.394656 
6.714375 
4.937966 
3.181402 
4.681438 
1.332518 
2.265213 
3.590410 
0.553382 
3.109626 
5.849629 
0.619654 
0.145105 
2.955468 
1.641066 
3.382724 
1.141979 
15.186549 
2.360848 
4.115777 
10.651274 
62.583067 
10.389953 
89.471424 
15.063295 
7.229317 
2.244911 
7.596723 
0.088765 
7.217419 
3.019850 
1.107391 
1.110382 
0.045482 
0.190009 
5.725195 
1.770903 
2.059298 
1.961048 
0.765477 
6.308644 
2.616462 
3.740323 
0.773813 
0.090801 
1.146699 
1.105202 
0.653980 
2.003776 
1.694418 
0.466126 
1.863100 
1.249147 
0.420599 
7.897631 
0.634824 
0.471382 
1.586365 
0.438209 
0.953157 
2.948603 
6.946134 
0.024467 
3.565551 
0.633225 
2.927118 
0.516029 
0.686405 
11.502264 
0.086360 
6.911105 
1.287210 
9.914833 
3.805476 
0.624996 
1.151500 
1.460608 
6.246433 
0.594916 
2.444940 
0.165372 
4.021737 
3.372231 
0.840009 
3.670931 
7.609484 
1.700961 
0.674939 
0.026332 
0.384973 
7.613667 
2.407970 
0.181501 
0.940235 
2.525648 
4.687315 
0.353436 
7.743434 
3.002384 
1.931106 
2.871937 
1.750826 
0.400572 
4.639886 
8.746057 
1.033926 
0.435365 
5.688561 
0.714426 
1.186460 
0.642627 
0.378185 
18.494192 
3.247364 
0.310071 
1.207770 
2.771212 
6.804734 
2.019614 
11.728862 
2.466398 
2.891053 
4.349417 
1.613922 
2.298064 
2.461230 
1.058354 
1.861966 
1.340760 
1.886406 
1.466087 
19.156756 
4.020897 
1.977310 
11.078492 
1.153279 
12.902105 
0.619194 
1.302051 
2.232028 
9.364854 
4.073321 
0.080238 
4.045258 
5.660180 
7.080128 
1.920847 
7.650674 
0.717276 
33.838846 
18.640828 
5.966000 
1.006469 
4.820927 
1.021644 
4.519860 
0.862374 
0.642573 
6.807300 
6.925856 
0.685046 
8.251697 
0.569356 
1.017242 
3.181632 
10.168154 
1.161970 
3.288323 
0.677486 
0.542563 
4.254348 
12.681509 
2.868709 
6.685355 
0.479927 
3.407730 
0.850454 
2.302254 
1.632240 
10.151558 
4.592343 
2.012110 
0.386700 
10.663867 
0.843925 
1.556651 
69.065807 
31.163378 
1.421516 
193.359054 
14.221553 
131.245324 
51.297440 
49.415647 
144.538128 
25.296724 
4.903322 
0.158195 
6.957742 
6.963241 
7.745391 
4.776899 
12.203627 
6.515428 
6.822732 
11.619451 
0.094203 
4.063900 
2.359716 
1.233164 
10.049581 
5.448321 
2.336320 
1.317304 
5.913402 
2.295622 
2.989276 
1.305408 
2.418667 
0.646040 
1.852057 
0.229741 
2.091837 
6.001663 
3.256098 
6.161819 
4.900825 
0.485289 
0.014855 
10.893347 
1.256774 
9.080212 
0.015174 
0.642425 
1.728505 
8.524218 
2.378120 
2.087963 
3.041481 
0.622361 
2.251881 
5.925195 
1.334668 
9.633580 
3.531041 
23.775493 
3.839096 
8.047301 
2.265051 
5.116218 
2.810209 
5.678807 
0.261448 
0.074095 
3.065498 
1.036930 
8.281413 
0.079003 
1.856998 
10.496739 
6.833825 
0.042904 
3.977952 
3.030786 
0.066070 
11.648840 
6.758294 
15.959041 
7.862190 
1.445237 
2.977794 
1.584600 
2.130670 
0.214812 
1.748792 
6.056702 
0.804442 
0.667435 
0.571314 
0.809352 
5.460182 
2.565847 
1.948088 
7.993151 
0.086234 
0.028947 
0.873109 
2.523033 
0.943500 
4.511626 
0.973417 
2.143802 
0.373501 
8.729436 
0.795225 
0.469351 
0.307311 
0.628180 
5.744910 
0.890738 
1.377408 
1.516798 
1.332516 
0.463273 
0.546418 
1.145689 
0.629747 
1.428890 
1.487209 
0.236407 
1.554786 
0.317958 
0.758175 
3.100541 
2.025890 
5.238062 
7.593345 
0.134680 
1.248443 
0.172963 
0.562662 
5.287231 
3.791952 
0.926094 
5.223366 
0.527646 
8.463640 
2.866329 
1.365564 
0.372707 
0.052475 
0.753163 
4.872849 
0.566585 
0.236675 
0.118848 
5.380566 
2.419618 
1.755190 
2.748489 
0.116072 
0.164632 
1.229424 
1.891358 
1.378560 
3.845976 
4.463255 
0.236012 
6.103670 
1.440101 
2.053652 
10.544349 
5.826085 
23.276720 
8.445559 
9.966966 
3.401206 
4.888910 
1.409120 
3.441200 
1.792500 
1.849863 
2.910363 
0.138239 
1.386454 
6.527365 
0.170227 
2.491872 
1.625835 
0.596619 
0.403140 
1.375071 
4.789855 
0.805382 
0.231516 
0.373372 
1.338697 
1.759655 
1.530515 
2.843111 
1.253327 
1.718780 
0.371094 
3.136564 
0.098511 
1.375274 
2.547063 
2.925707 
0.656593 
1.132813 
0.356502 
2.776164 
6.393045 
0.501142 
3.359050 
0.081890 
1.498340 
0.209996 
1.215367 
0.590349 
0.173133 
3.096690 
1.319175 
0.444241 
1.531838 
1.371840 
4.343275 
0.352749 
1.873627 
3.932336 
0.934147 
0.195823 
5.101766 
1.079337 
0.036893 
1.400648 
1.319588 
3.695845 
0.844465 
2.879899 
0.736673 
1.470537 
0.335636 
1.598461 
3.260789 
0.191585 
2.466934 
4.125028 
0.506157 
0.685381 
6.342628 
1.511362 
3.646239 
0.544498 
0.347768 
1.468192 
2.702088 
3.759210 
7.716348 
1.259529 
0.636562 
1.843626 
2.973451 
0.637323 
0.882891 
0.844370 
2.039561 
3.885408 
6.570296 
0.100302 
0.032182 
3.118931 
6.072958 
3.325217 
0.369922 
0.044274 
1.618102 
5.003092 
2.145741 
1.372032 
5.513576 
0.700809 
1.282296 
0.140204 
0.113349 
2.104022 
0.907033 
0.346392 
3.801857 
1.115022 
2.000303 
2.284480 
0.347981 
0.621165 
0.533812 
3.784874 
6.008618 
0.771178 
0.001041 
1.021474 
2.309528 
4.572847 
1.874469 
5.255496 
4.769396 
0.877447 
0.901404 
2.341379 
3.187283 
0.922691 
0.032085 
0.430085 
2.152452 
2.965673 
2.316148 
11.958234 
2.283333 
1.570131 
2.273577 
5.886622 
3.637412 
0.511544 
1.022940 
0.951808 
3.179327 
3.478762 
0.717312 
3.230910 
4.413539 
5.877482 
1.230804 
0.318462 
0.829366 
1.302496 
3.807509 
8.404491 
0.774826 
1.387845 
2.249146 
1.627149 
3.351868 
1.910308 
0.274363 
0.645670 
3.478226 
1.119776 
0.059167 
0.208683 
1.133589 
2.457971 
0.884499 
0.361062 
3.996056 
0.401439 
0.273559 
3.074515 
8.889513 
0.447887 
2.128039 
3.167330 
1.545303 
0.232025 
1.721927 
1.546177 
4.466940 
0.877293 
4.553363 
1.988217 
0.228278 
2.259089 
3.375821 
1.004957 
0.346192 
0.040341 
3.668920 
1.195645 
0.554168 
1.963910 
11.029460 
0.000000 
0.000000 
0.000000 
0.000000 
0.000000 
0.000000 
0.000000 
0.000000 
0.000000 
0.000000 
0.000000 
0.000000 
0.000000 
0.000000 
0.000000 
0.000000 
0.000000 
0.000000 
0.000000 
0.000000 
0.000000 
0.000000 
0.000000 
0.000000 
0.000000 
0.000000 
0.000000 
0.000000 
0.000000 
0.000000 
0.000000 
0.000000 
0.000000 
0.000000 
0.000000 
0.000000 
0.000000 
0.000000 
0.000000 
0.000000 
0.000000 
0.000000 
0.000000 
0.000000 
0.000000 
0.000000 
0.000000 
0.000000 
0.000000 
0.000000 
0.000000 
0.000000 
0.000000 
0.000000 
0.000000 
0.000000 
0.000000 
0.000000 
0.000000 
0.000000 
0.000000 
0.000000 
0.000000 
0.000000 
0.000000 
0.000000 
0.000000 
0.000000 
0.000000 
0.000000 
0.000000 
0.000000 
0.000000 
0.000000 
0.000000 
0.000000 
0.000000 
0.000000 
0.000000 
0.000000 
0.000000 
0.000000 
0.000000 
0.000000 
0.000000 
0.000000 
0.000000 
0.000000 
0.000000 
0.000000 
0.000000 
0.000000 
0.000000 
0.000000 
0.000000 
0.000000 
0.000000 
0.000000 
0.000000 
0.000000 
0.000000 
0.000000 
0.000000 
0.000000 
0.000000 
0.000000 
0.000000 
0.000000 
0.000000 
0.000000 
0.000000 
0.000000 
0.000000 
0.000000 
0.000000 
0.000000 
0.000000 
0.000000 
0.000000 
0.000000 
0.000000 
0.000000 
0.000000 
0.000000 
0.000000 
0.000000 
0.000000 
0.000000 
0.000000 
0.000000 
0.000000 
0.000000 
0.000000 
0.000000 
0.000000 
0.000000 
0.000000 
0.000000 
0.000000 
0.000000 
0.000000 
0.000000 
0.000000 
0.000000 
0.000000 
0.000000 
0.000000 
0.000000 
0.000000 
0.000000 
0.000000 
0.000000 
0.000000 
0.000000 
0.000000 
0.000000 
0.000000 
0.000000 
0.000000 
0.000000 
0.000000 
0.000000 
0.000000 
0.000000 
0.000000 
0.000000 
0.000000 
0.000000 
0.000000 
0.000000 
0.000000 
0.000000 
0.000000 
0.000000 
0.000000 
0.000000 
0.000000 
0.000000 
0.000000 
0.000000 
0.000000 
0.000000 
0.000000 
0.000000 
0.000000 
0.000000 
0.000000 
0.000000 
0.000000 
0.000000 
0.000000 
0.000000 
0.000000 
0.000000 
0.000000 
0.000000 
0.000000 
0.000000 
0.000000 
0.000000 
0.000000 
0.000000 
0.000000 
0.000000 
0.000000 
0.000000 
0.000000 
0.000000 
0.000000 
0.000000 
0.000000 
0.000000 
0.000000 
0.000000 
0.000000 
0.000000 
0.000000 
0.000000 
0.000000 
0.000000 
0.000000 
0.000000 
0.000000 
0.000000 
0.000000 
0.000000 
0.000000 
0.000000 
0.000000 
0.000000 
0.000000 
0.000000 
0.000000 
0.000000 
0.000000 
0.000000 
0.000000 
0.000000 
0.000000 
0.000000 
0.000000 
0.000000 
0.000000 
0.000000 
0.000000 
0.000000 
0.000000 
0.000000 
0.000000 
0.000000 
0.000000 
0.000000 
0.000000 
0.000000 
0.000000 
0.000000 
0.000000 
0.000000 
0.000000 
0.000000 
0.000000 
0.000000 
0.000000 
0.000000 
0.000000 
0.000000 
0.000000 
0.000000 
0.000000 
0.000000 
0.000000 
0.000000 
0.000000 
0.000000 
0.000000 
0.000000 
0.000000 
0.000000 
0.000000 
0.000000 
0.000000 
0.000000 
0.000000 
0.000000 
0.000000 
0.000000 
0.000000 
0.000000 
0.000000 
0.000000 
0.000000 
0.000000 
0.000000 
0.000000 
0.000000 
0.000000 
0.000000 
0.000000 
0.000000 
0.000000 
0.000000 
0.000000 
0.000000 
0.000000 
0.000000 
0.000000 
0.000000 
0.000000 
0.000000 
0.000000 
0.000000 
0.000000 
0.000000 
0.000000 
0.000000 
0.000000 
0.000000 
0.000000 
0.000000 
0.000000 
0.000000 
0.000000 
0.000000 
0.000000 
0.000000 
0.000000 
0.000000 
0.000000 
0.000000 
0.000000 
0.000000 
0.000000 
0.000000 
0.000000 
0.000000 
0.000000 
0.000000 
0.000000 
0.000000 
0.000000 
0.000000 
0.000000 
0.000000 
0.000000 
0.000000 
0.000000 
0.000000 
0.000000 
0.000000 
0.000000 
0.000000 
0.000000 
0.000000 
0.000000 
0.000000 
0.000000 
0.000000 
0.000000 
0.000000 
0.000000 
0.000000 
0.000000 
0.000000 
0.000000 
0.000000 
0.000000 
0.000000 
0.000000 
0.000000 
0.000000 
0.000000 
0.000000 
0.000000 
0.000000 
0.000000 
0.000000 
0.000000 
0.000000 
0.000000 
0.000000 
0.000000 
0.000000 
0.000000 
0.000000 
0.000000 
0.000000 
0.000000 
0.000000 
0.000000 
0.000000 
0.000000 
0.000000 
0.000000 
0.000000 
0.000000 
0.000000 
0.000000 
0.000000 
0.000000 
0.000000 
0.000000 
0.000000 
0.000000 
0.000000 
0.000000 
0.000000 
0.000000 
0.000000 
0.000000 
0.000000 
0.000000 
0.000000 
0.000000 
0.000000 
0.000000 
0.000000 
0.000000 
0.000000 
0.000000 
0.000000 
0.000000 
0.000000 
0.000000 
0.000000 
0.000000 
0.000000 
0.000000 
0.000000 
0.000000 
0.000000 
0.000000 
0.000000 
0.000000 
0.000000 
0.000000 
0.000000 
0.000000 
0.000000 
0.000000 
0.000000 
0.000000 
0.000000 
0.000000 
0.000000 
0.000000 
0.000000 
0.000000 
0.000000 
0.000000 
0.000000 
0.000000 
0.000000 
0.000000 
0.000000 
0.000000 
0.000000 
0.000000 
0.000000 
0.000000 
0.000000 
0.000000 
0.000000 
0.000000 
0.000000 
0.000000 
0.000000 
0.000000 
0.000000 
0.000000 
0.000000 
0.000000 
0.000000 
0.000000 
0.000000 
0.000000 
0.000000 
0.000000 
0.000000 
0.000000 
0.000000 
0.000000 
0.000000 
0.000000 
0.000000 
0.000000 
0.000000 
0.000000 
0.000000 
0.000000 
0.000000 
0.000000 
0.000000 
0.000000 
0.000000 
0.000000 
0.000000 
0.000000 
0.000000 
0.000000 
0.000000 
0.000000 
0.000000 
0.000000 
0.000000 
0.000000 
0.000000 
0.000000 
0.000000 
0.000000 
0.000000 
0.000000 
0.000000 
0.000000 
0.000000 
0.000000 
0.000000 
0.000000 
0.000000 
0.000000 
0.000000 
0.000000 
0.000000 
0.000000 
0.000000 
0.000000 
0.000000 
0.000000 
0.000000 
0.000000 
0.000000 
0.000000 
0.000000 
0.000000 
0.000000 
0.000000 
0.000000 
0.000000 
0.000000 
0.000000 
0.000000 
0.000000 
0.000000 
0.000000 
0.000000 
0.000000 
0.000000 
0.000000 
0.000000 
0.000000 
0.000000 
0.000000 
0.000000 
0.000000 
0.000000 
0.000000 
0.000000 
0.000000 
0.000000 
0.000000 
0.000000 
0.000000 
0.000000 
0.000000 
0.000000 
0.000000 
0.000000 
0.000000 
0.000000 
0.000000 
0.000000 
0.000000 
0.000000 
0.000000 
0.000000 
0.000000 
0.000000 
0.000000 
0.000000 
0.000000 
0.000000 
0.000000 
0.000000 
0.000000 
0.000000 
0.000000 
0.000000 
0.000000 
0.000000 
0.000000 
0.000000 
0.000000 
0.000000 
0.000000 
0.000000 
0.000000 
0.000000 
0.000000 
0.000000 
0.000000 
0.000000 
0.000000 
0.000000 
0.000000 
0.000000 
0.000000 
0.000000 
0.000000 
0.000000 
0.000000 
0.000000 
0.000000 
0.000000 
0.000000 
0.000000 
0.000000 
0.000000 
0.000000 
0.000000 
0.000000 
0.000000 
0.000000 
0.000000 
0.000000 
0.000000 
0.000000 
0.000000 
0.000000 
0.000000 
0.000000 
0.000000 
0.000000 
0.000000 
0.000000 
0.000000 
0.000000 
0.000000 
0.000000 
0.000000 
0.000000 
0.000000 
0.000000 
0.000000 
0.000000 
0.000000 
0.000000 
0.000000 
0.000000 
0.000000 
0.000000 
0.000000 
0.000000 
0.000000 
0.000000 
0.000000 
0.000000 
0.000000 
0.000000 
0.000000 
0.000000 
0.000000 
0.000000 
0.000000 
0.000000 
0.000000 
0.000000 
0.000000 
0.000000 
0.000000 
0.000000 
0.000000 
0.000000 
0.000000 
0.000000 
0.000000 
0.000000 
0.000000 
0.000000 
0.000000 
0.000000 
0.000000 
0.000000 
0.000000 
0.000000 
0.000000 
0.000000 
0.000000 
0.000000 
0.000000 
0.000000 
0.000000 
0.000000 
0.000000 
0.000000 
0.000000 
0.000000 
0.000000 
0.000000 
0.000000 
0.000000 
0.000000 
0.000000 
0.000000 
0.000000 
0.000000 
0.000000 
0.000000 
0.000000 
0.000000 
0.000000 
0.000000 
0.000000 
0.000000 
0.000000 
0.000000 
0.000000 
0.000000 
0.000000 
0.000000 
0.000000 
0.000000 
0.000000 
0.000000 
0.000000 
0.000000 
0.000000 
0.000000 
0.000000 
0.000000 
0.000000 
0.000000 
0.000000 
0.000000 
0.000000 
0.000000 
0.000000 
0.000000 
0.000000 
0.000000 
0.000000 
0.000000 
0.000000 
0.000000 
0.000000 
0.000000 
0.000000 
0.000000 
0.000000 
0.000000 
0.000000 
0.000000 
0.000000 
0.000000 
0.000000 
0.000000 
0.000000 
0.000000 
0.000000 
0.000000 
0.000000 
0.000000 
0.000000 
0.000000 
0.000000 
0.000000 
0.000000 
0.000000 
0.000000 
0.000000 
0.000000 
0.000000 
0.000000 
0.000000 
0.000000 
0.000000 
0.000000 
0.000000 
0.000000 
0.000000 
0.000000 
0.000000 
0.000000 
0.000000 
0.000000 
0.000000 
0.000000 
0.000000 
0.000000 
0.000000 
0.000000 
0.000000 
0.000000 
0.000000 
0.000000 
0.000000 
0.000000 
0.000000 
0.000000 
0.000000 
0.000000 
0.000000 
0.000000 
0.000000 
0.000000 
0.000000 
0.000000 
0.000000 
0.000000 
0.000000 
0.000000 
0.000000 
0.000000 
0.000000 
0.000000 
0.000000 
0.000000 
0.000000 
0.000000 
0.000000 
0.000000 
0.000000 
0.000000 
0.000000 
0.000000 
0.000000 
0.000000 
0.000000 
0.000000 
0.000000 
0.000000 
0.000000 
0.000000 
0.000000 
0.000000 
0.000000 
0.000000 
0.000000 
0.000000 
0.000000 
0.000000 
0.000000 
0.000000 
0.000000 
0.000000 
0.000000 
0.000000 
0.000000 
0.000000 
0.000000 
0.000000 
0.000000 
0.000000 
0.000000 
0.000000 
0.000000 
0.000000 
0.000000 
0.000000 
0.000000 
0.000000 
0.000000 
0.000000 
0.000000 
0.000000 
0.000000 
0.000000 
0.000000 
0.000000 
0.000000 
0.000000 
0.000000 
0.000000 
0.000000 
0.000000 
0.000000 
0.000000 
0.000000 
0.000000 
0.000000 
0.000000 
0.000000 
0.000000 
0.000000 
0.000000 
0.000000 
0.000000 
0.000000 
0.000000 
0.000000 
0.000000 
0.000000 
0.000000 
0.000000 
0.000000 
0.000000 
0.000000 
0.000000 
0.000000 
0.000000 
0.000000 
0.000000 
0.000000 
0.000000 
0.000000 
0.000000 
0.000000 
0.000000 
0.000000 
0.000000 
0.000000 
0.000000 
0.000000 
0.000000 
0.000000 
0.000000 
0.000000 
0.000000 
0.000000 
0.000000 
0.000000 
0.000000 
0.000000 
0.000000 
0.000000 
0.000000 
0.000000 
0.000000 
0.000000 
0.000000 
0.000000 
0.000000 
0.000000 
0.000000 
0.000000 
0.000000 
0.000000 
0.000000 
0.000000 
0.000000 
0.000000 
0.000000 
0.000000 
0.000000 
0.000000 
0.000000 
0.000000 
0.000000 
0.000000 
0.000000 
0.000000 
0.000000 
0.000000 
0.000000 
0.000000 
0.000000 
0.000000 
0.000000 
0.000000 
0.000000 
0.000000 
0.000000 
0.000000 
0.000000 
0.000000 
0.000000 
0.000000 
0.000000 
0.000000 
0.000000 
0.000000 
0.000000 
0.000000 
0.000000 
0.000000 
0.000000 
0.000000 
0.000000 
0.000000 
0.000000 
0.000000 
0.000000 
0.000000 
0.000000 
0.000000 
0.000000 
0.000000 
0.000000 
0.000000 
0.000000 
0.000000 
0.000000 
0.000000 
0.000000 
0.000000 
0.000000 
0.000000 
0.000000 
0.000000 
0.000000 
0.000000 
0.000000 
0.000000 
0.000000 
0.000000 
0.000000 
0.000000 
0.000000 
0.000000 
0.000000 
0.000000 
0.000000 
0.000000 
0.000000 
0.000000 
0.000000 
0.000000 
0.000000 
0.000000 
0.000000 
0.000000 
0.000000 
0.000000 
0.000000 
0.000000 
0.000000 
