0.000000 
0.000237 
0.000164 
-0.000869 
-0.000072 
-0.000184 
-0.000112 
0.000598 
0.000538 
-0.000094 
0.000730 
-0.000100 
0.000338 
0.000382 
-0.000393 
0.000137 
-0.000063 
0.000257 
-0.000056 
0.000083 
-0.000868 
0.000015 
0.000190 
0.000621 
-0.000032 
0.000249 
-0.000179 
0.000120 
0.000357 
-0.000225 
-0.000200 
0.000248 
-0.000092 
-0.000529 
0.000845 
0.000160 
0.000258 
0.000081 
-0.000684 
0.000390 
-0.000098 
0.000100 
-0.000316 
0.000792 
-0.000061 
-0.000005 
0.000309 
-0.000304 
0.000122 
-0.000748 
0.000201 
-0.000456 
0.000601 
0.000033 
0.000749 
-0.000443 
-0.000604 
-0.000143 
-0.000501 
-0.000592 
0.000049 
0.000213 
0.000062 
-0.000249 
0.000884 
0.000361 
0.000173 
0.000246 
0.000005 
-0.000384 
-0.000447 
-0.000292 
-0.000142 
0.000318 
0.000500 
-0.000532 
-0.000102 
0.000112 
-0.000503 
-0.000434 
-0.000155 
0.000444 
0.000350 
-0.000152 
0.000596 
0.000153 
-0.000260 
-0.000596 
-0.000219 
-0.000128 
0.000184 
0.000523 
0.000511 
-0.000520 
0.000731 
-0.000065 
-0.000613 
-0.000016 
-0.000128 
-0.000632 
-0.000368 
-0.000118 
0.000408 
0.000228 
0.000295 
0.000076 
-0.000251 
-0.000697 
-0.000292 
-0.000239 
-0.000427 
0.000539 
0.000122 
-0.000307 
0.000223 
0.000700 
0.000691 
-0.000526 
-0.000388 
-0.000155 
0.000135 
-0.000101 
-0.000327 
-0.000563 
0.000380 
-0.000747 
-0.000501 
-0.000235 
0.000128 
0.000125 
-0.000634 
-0.000141 
0.000390 
0.000371 
0.000559 
-0.000113 
-0.000283 
0.000304 
-0.000155 
-0.000235 
-0.000048 
0.000148 
-0.000628 
-0.000423 
0.000555 
-0.000064 
0.000500 
-0.000236 
0.000096 
-0.000029 
-0.000391 
-0.000411 
-0.000068 
0.000206 
0.000564 
0.000726 
0.000017 
-0.000258 
-0.000019 
-0.000311 
0.000051 
0.000396 
0.000295 
-0.000162 
0.000310 
-0.000082 
0.000095 
-0.000035 
0.000295 
0.000071 
-0.000786 
0.000281 
-0.000588 
-0.000101 
0.000911 
-0.000756 
-0.000001 
0.000121 
0.000450 
-0.000440 
-0.000094 
-0.000046 
0.000115 
0.000583 
0.000351 
-0.000410 
-0.000607 
0.000137 
-0.000130 
-0.000502 
0.000130 
0.000271 
-0.000260 
-0.000445 
0.000160 
0.000161 
0.000009 
-0.000154 
0.000080 
0.000630 
-0.000242 
-0.000208 
-0.000723 
-0.000453 
0.000092 
-0.000245 
-0.000540 
0.000562 
0.000659 
-0.000628 
-0.000131 
0.000040 
-0.000264 
0.000276 
0.000500 
-0.000092 
-0.000275 
-0.000144 
-0.000060 
-0.000357 
-0.000186 
0.000367 
-0.000003 
0.000389 
0.000333 
0.000123 
-0.000234 
-0.000561 
-0.000733 
-0.000342 
0.000229 
0.000668 
-0.000380 
0.000004 
0.000653 
-0.000732 
0.000198 
-0.000107 
0.000288 
0.000048 
-0.000272 
0.000198 
-0.000142 
-0.000448 
0.000522 
-0.000013 
-0.000157 
-0.000672 
-0.000423 
-0.000072 
0.000054 
0.000110 
-0.000400 
-0.000265 
0.001301 
-0.000331 
-0.000126 
-0.000204 
0.000300 
-0.000383 
-0.000338 
-0.000173 
0.000415 
-0.000243 
0.000492 
-0.000110 
0.000130 
-0.000264 
0.000081 
-0.000121 
-0.000370 
0.000524 
-0.000495 
-0.001066 
0.000620 
-0.000241 
-0.000085 
0.000062 
0.000259 
-0.000037 
0.000600 
0.000469 
0.000132 
0.000206 
0.000070 
-0.000383 
-0.000752 
-0.000004 
0.000325 
0.000038 
0.000220 
-0.000385 
-0.000027 
-0.000426 
0.000350 
0.000154 
0.000681 
-0.000772 
0.000260 
0.000101 
0.000257 
-0.000409 
0.000271 
0.000428 
0.000753 
-0.000116 
-0.000769 
-0.000213 
-0.000160 
0.000064 
-0.000460 
-0.000948 
-0.000114 
-0.000056 
0.000555 
0.000082 
-0.000444 
-0.000231 
0.000100 
-0.000495 
-0.000215 
0.000469 
0.000521 
-0.000741 
0.000680 
0.000272 
0.000120 
0.000386 
0.000243 
-0.000722 
-0.000310 
0.000150 
-0.000305 
0.000095 
0.000827 
0.000083 
-0.000008 
0.000287 
-0.000600 
0.000076 
0.000357 
-0.000289 
0.000163 
0.000374 
0.000689 
-0.000786 
0.000467 
0.000328 
-0.000234 
-0.000508 
0.000163 
-0.000444 
-0.000167 
0.000264 
0.000495 
0.000571 
-0.000075 
-0.000924 
-0.000053 
0.000011 
-0.000178 
-0.000202 
0.000193 
0.000205 
-0.000286 
-0.000022 
-0.000272 
0.000526 
0.000346 
-0.000218 
-0.000364 
0.000530 
0.000068 
0.000082 
0.000675 
-0.000629 
0.000232 
0.000117 
-0.000546 
-0.000205 
0.000622 
0.000123 
-0.000979 
-0.000379 
0.000470 
0.000114 
0.000309 
-0.000219 
0.000503 
-0.000299 
-0.000784 
-0.000371 
0.000046 
-0.000266 
0.000508 
-0.000416 
-0.000137 
0.000759 
0.000020 
-0.000140 
-0.000194 
0.000099 
-0.000225 
-0.000554 
0.000316 
0.000107 
0.000258 
-0.000310 
-0.000121 
0.000419 
0.000026 
0.000655 
-0.000016 
0.000062 
0.000627 
-0.000003 
-0.000128 
-0.000512 
0.000196 
-0.000425 
-0.000398 
0.000711 
0.000303 
0.000117 
0.000022 
0.000125 
-0.000024 
0.000178 
0.000116 
-0.000168 
-0.000312 
0.000407 
-0.000070 
0.000011 
0.000511 
0.000286 
0.000016 
-0.000580 
0.000217 
-0.000009 
0.000596 
-0.000299 
-0.000248 
0.000523 
0.000452 
-0.000615 
-0.000066 
0.000426 
0.000159 
-0.000340 
-0.000346 
-0.000412 
-0.000109 
0.000921 
0.000064 
0.000463 
-0.000140 
0.000113 
-0.000515 
0.000508 
0.000125 
0.000035 
-0.000163 
-0.000165 
0.000728 
-0.000044 
-0.000912 
0.000109 
-0.000277 
-0.000465 
0.000573 
0.000521 
-0.000356 
0.000287 
0.000461 
-0.000626 
0.000419 
0.000536 
-0.000066 
-0.000762 
0.000661 
0.000840 
0.000033 
0.000225 
0.001084 
-0.000368 
0.000129 
0.000047 
0.000021 
-0.000062 
0.000723 
-0.000495 
0.000022 
0.000493 
0.000747 
-0.000282 
-0.000016 
-0.000288 
-0.000309 
0.000118 
-0.000576 
-0.000382 
0.000509 
0.000018 
-0.000458 
0.000080 
-0.000152 
-0.000114 
0.000314 
-0.000225 
-0.000157 
0.000005 
-0.000469 
-0.000688 
0.001091 
0.000591 
0.000316 
0.000703 
0.000550 
0.000222 
0.000257 
0.000497 
0.000077 
0.000655 
0.000497 
0.000143 
0.000155 
0.000572 
-0.000337 
0.000149 
0.000051 
0.000229 
-0.000393 
-0.000172 
0.000527 
-0.000103 
0.000505 
-0.000124 
-0.000139 
-0.000231 
0.000534 
-0.000132 
-0.000081 
0.000388 
0.000134 
0.000193 
-0.000472 
-0.000418 
-0.000489 
0.000719 
-0.000104 
0.000052 
0.000370 
0.000712 
0.000139 
0.000218 
0.000832 
0.000521 
-0.000038 
-0.000529 
-0.000366 
-0.000309 
-0.000251 
-0.000302 
0.000912 
0.000250 
-0.000210 
-0.000166 
0.000143 
0.000051 
0.000350 
0.000547 
-0.000737 
0.000230 
0.000862 
-0.000862 
-0.000107 
0.000194 
0.000373 
0.000246 
-0.000042 
0.000188 
-0.000054 
0.000318 
0.000778 
0.000354 
-0.000085 
0.000553 
-0.000596 
0.000380 
0.000578 
0.000804 
-0.000561 
0.000010 
0.000148 
0.000080 
0.000190 
-0.000031 
-0.000047 
0.000280 
0.000149 
-0.000597 
0.000577 
0.000698 
0.000334 
-0.000196 
0.000085 
0.000575 
0.000051 
-0.000391 
-0.000666 
-0.000048 
0.000185 
-0.000556 
0.000081 
-0.000062 
0.000673 
-0.000307 
0.000286 
0.000408 
0.000172 
-0.000091 
-0.000082 
-0.000690 
0.000305 
-0.000283 
-0.000213 
0.000450 
0.000067 
-0.000925 
-0.000696 
0.000338 
0.000076 
0.001034 
0.000687 
-0.000063 
0.000353 
0.000563 
-0.000386 
0.000225 
0.000678 
-0.000004 
0.000598 
-0.000023 
-0.000014 
0.000070 
0.000305 
-0.000319 
-0.000142 
0.000451 
0.000136 
0.000571 
0.000197 
-0.000317 
0.000296 
-0.000162 
-0.000096 
-0.000109 
-0.000276 
-0.000065 
0.000284 
-0.000426 
0.000929 
-0.000157 
-0.000320 
0.000017 
0.000311 
0.000016 
0.000383 
-0.000050 
0.000536 
0.000340 
-0.000846 
0.000035 
0.000773 
-0.000273 
-0.000606 
0.000536 
0.000203 
0.000015 
0.000360 
-0.000488 
-0.000102 
0.001057 
0.000442 
0.000442 
0.000644 
0.000304 
0.000128 
-0.000550 
0.000260 
0.000248 
-0.000155 
0.000483 
0.000142 
0.000370 
0.000367 
-0.000551 
-0.000271 
0.000348 
0.000408 
-0.000036 
0.000070 
-0.000008 
-0.000187 
-0.000148 
0.000004 
-0.000112 
0.000338 
-0.000326 
-0.000674 
0.000508 
0.000373 
0.000011 
0.000837 
-0.000157 
-0.000505 
0.000270 
0.000231 
-0.000404 
-0.000513 
0.000373 
-0.000923 
-0.000214 
0.000546 
0.000468 
0.000016 
-0.000470 
0.000166 
0.000715 
0.000131 
-0.000124 
-0.000053 
0.000358 
0.000377 
0.000072 
-0.000975 
0.000234 
0.000108 
-0.000667 
0.000496 
-0.000320 
0.000153 
-0.000573 
-0.000412 
-0.000384 
0.000406 
-0.000358 
-0.000305 
-0.000109 
-0.000520 
-0.000649 
-0.000476 
-0.000367 
0.000632 
-0.000514 
-0.000392 
0.000007 
-0.000665 
0.000882 
-0.000611 
0.000283 
0.000643 
-0.000185 
0.000153 
0.000285 
-0.000309 
0.000569 
-0.000046 
-0.000662 
-0.000486 
0.000371 
-0.000073 
0.000027 
0.000965 
0.000202 
-0.000149 
0.000308 
-0.000325 
-0.000411 
0.000643 
-0.000007 
-0.000199 
0.000092 
0.000164 
-0.000271 
-0.000051 
0.000500 
0.000169 
-0.000307 
0.000110 
0.000261 
0.000538 
0.000772 
-0.000508 
-0.000598 
0.000530 
-0.000082 
-0.000289 
-0.000063 
-0.000060 
-0.000405 
-0.000202 
-0.000331 
0.000584 
0.000828 
-0.000085 
-0.000623 
-0.000011 
0.000286 
-0.000054 
-0.000465 
-0.000155 
-0.000079 
0.000055 
-0.000389 
-0.000201 
0.000110 
0.000496 
-0.000114 
-0.000493 
0.000905 
0.000440 
-0.000373 
0.000665 
0.000326 
0.000359 
-0.000258 
-0.000007 
-0.000692 
0.000132 
0.000458 
-0.000442 
0.000190 
0.000501 
-0.000642 
-0.000275 
0.000120 
-0.000103 
0.000217 
0.000191 
-0.000295 
0.000458 
-0.000619 
0.000404 
-0.000848 
0.000221 
0.000062 
-0.000391 
-0.000494 
0.000345 
-0.000280 
0.000521 
0.000010 
-0.000018 
0.000933 
0.000550 
-0.000879 
-0.000835 
0.000299 
0.000193 
-0.000078 
-0.000364 
0.000211 
0.000732 
0.000408 
-0.000216 
-0.000107 
-0.000174 
-0.000062 
0.000061 
0.000155 
-0.000048 
-0.000046 
-0.000154 
-0.000300 
-0.000078 
0.000251 
0.000191 
-0.000185 
-0.000287 
0.000188 
-0.000806 
-0.000416 
0.000765 
0.000482 
-0.000115 
0.000270 
-0.000544 
0.000376 
-0.000088 
-0.000265 
-0.000046 
0.000835 
0.000126 
-0.001096 
0.000591 
0.000215 
0.000030 
-0.000251 
-0.000128 
-0.000219 
0.000407 
0.000239 
0.000370 
-0.000196 
0.000214 
-0.000178 
-0.000421 
0.000025 
0.000054 
-0.000699 
-0.000971 
0.000232 
0.001143 
0.000731 
-0.000593 
-0.000039 
0.000480 
-0.000073 
-0.000624 
0.000576 
0.000341 
0.000120 
-0.000205 
-0.000522 
-0.000189 
0.000118 
-0.000577 
-0.000355 
0.000372 
-0.000147 
-0.000744 
-0.000786 
0.001133 
-0.000026 
-0.000591 
0.000330 
-0.000997 
0.000148 
0.000142 
-0.000744 
0.000030 
0.000778 
-0.000114 
-0.000320 
-0.000530 
0.000223 
0.000241 
0.000377 
-0.000389 
-0.000387 
0.000121 
0.000306 
-0.000518 
0.000266 
-0.000479 
-0.000822 
-0.000360 
0.000129 
-0.000578 
0.000141 
-0.000237 
0.000166 
0.000665 
-0.000036 
0.000249 
-0.000573 
-0.000302 
-0.000388 
-0.000035 
0.000219 
-0.000023 
-0.000393 
0.000602 
-0.000199 
-0.000359 
0.000400 
-0.000793 
-0.000616 
0.000796 
0.000793 
0.000121 
0.000158 
0.000399 
-0.000403 
0.000123 
-0.000400 
-0.000321 
0.000171 
-0.000389 
-0.000791 
-0.001100 
-0.000606 
0.000727 
-0.000501 
0.000059 
-0.000005 
-0.000364 
-0.000689 
-0.000651 
-0.000769 
0.000570 
0.000210 
-0.000662 
-0.000538 
-0.000757 
-0.000838 
-0.001143 
-0.000297 
-0.000085 
0.000302 
-0.000110 
-0.000134 
0.000599 
-0.000042 
-0.000460 
-0.000695 
0.000401 
0.012248 
0.045589 
0.087574 
0.133383 
0.181089 
0.229738 
0.277421 
0.323809 
0.369810 
0.414059 
0.454563 
0.496011 
0.534737 
0.570389 
0.604109 
0.636400 
0.666058 
0.695023 
0.721433 
0.746622 
0.769475 
0.790877 
0.810285 
0.829554 
0.846536 
0.862258 
0.876899 
0.889777 
0.902021 
0.913714 
0.925192 
0.933856 
0.941974 
0.950676 
0.957983 
0.963971 
0.969979 
0.975119 
0.979145 
0.983153 
0.986976 
0.989221 
0.992557 
0.993967 
0.995720 
0.996618 
0.997922 
0.997960 
0.997870 
0.998458 
0.997798 
0.996621 
0.996562 
0.994398 
0.993275 
0.992809 
0.989691 
0.987416 
0.985673 
0.983692 
0.980985 
0.977769 
0.974788 
0.972243 
0.969263 
0.965671 
0.962570 
0.959327 
0.955233 
0.951534 
0.947395 
0.944370 
0.939711 
0.935689 
0.931221 
0.927856 
0.923110 
0.919557 
0.914551 
0.910542 
0.906550 
0.901218 
0.895446 
0.892784 
0.888337 
0.884036 
0.878395 
0.873987 
0.869679 
0.864327 
0.859256 
0.853925 
0.850385 
0.845531 
0.840046 
0.835648 
0.831541 
0.825956 
0.820881 
0.815421 
0.811160 
0.806765 
0.802400 
0.795876 
0.791490 
0.788191 
0.782231 
0.776501 
0.772541 
0.767731 
0.762902 
0.757876 
0.752696 
0.747590 
0.743227 
0.739033 
0.733776 
0.730264 
0.725321 
0.719608 
0.714877 
0.710527 
0.706043 
0.701268 
0.697317 
0.691890 
0.687545 
0.682912 
0.678080 
0.673684 
0.669917 
0.665444 
0.660515 
0.655620 
0.651935 
0.647681 
0.642016 
0.638894 
0.634158 
0.630136 
0.625581 
0.620980 
0.617515 
0.613189 
0.608568 
0.604463 
0.600808 
0.595898 
0.592413 
0.588377 
0.583605 
0.580361 
0.576401 
0.572554 
0.568395 
0.565096 
0.560956 
0.555803 
0.551882 
0.549507 
0.545359 
0.541419 
0.538479 
0.534421 
0.531028 
0.527481 
0.523398 
0.519926 
0.515750 
0.512694 
0.508294 
0.505905 
0.502904 
0.498669 
0.495329 
0.491256 
0.488628 
0.484910 
0.482111 
0.478202 
0.475715 
0.472442 
0.468262 
0.465757 
0.462788 
0.459864 
0.456277 
0.452685 
0.449895 
0.447572 
0.444887 
0.440953 
0.437437 
0.434958 
0.432950 
0.429047 
0.426525 
0.423966 
0.420703 
0.418050 
0.414334 
0.411568 
0.409996 
0.406525 
0.403770 
0.402133 
0.398708 
0.395413 
0.393322 
0.390864 
0.387652 
0.385676 
0.382770 
0.379894 
0.377260 
0.376336 
0.372215 
0.370003 
0.367904 
0.365332 
0.362900 
0.360479 
0.358667 
0.355564 
0.354182 
0.352024 
0.349015 
0.347534 
0.345497 
0.342093 
0.339879 
0.338530 
0.335851 
0.332911 
0.332259 
0.329800 
0.327734 
0.324893 
0.322753 
0.320884 
0.319967 
0.316005 
0.314732 
0.313537 
0.311264 
0.309009 
0.307127 
0.306054 
0.303698 
0.302009 
0.299872 
0.297442 
0.296336 
0.294065 
0.292079 
0.291070 
0.288700 
0.286466 
0.284527 
0.283432 
0.281426 
0.279898 
0.279083 
0.275708 
0.275086 
0.273762 
0.270947 
0.269358 
0.268457 
0.266362 
0.265104 
0.263469 
0.261701 
0.259856 
0.259045 
0.257597 
0.255827 
0.254609 
0.253117 
0.250350 
0.249863 
0.248273 
0.246394 
0.245379 
0.243724 
0.243081 
0.240895 
0.239793 
0.238062 
0.236193 
0.235908 
0.233906 
0.231894 
0.231657 
0.230857 
0.228803 
0.227128 
0.225582 
0.224239 
0.223328 
0.222651 
0.220287 
0.220074 
0.218587 
0.217306 
0.215916 
0.214989 
0.214033 
0.212349 
0.210928 
0.210150 
0.209187 
0.207847 
0.205707 
0.205415 
0.205153 
0.204262 
0.202247 
0.200621 
0.199525 
0.198255 
0.197743 
0.197161 
0.195548 
0.194846 
0.193723 
0.192034 
0.191907 
0.190739 
0.188855 
0.188047 
0.187852 
0.186470 
0.185301 
0.184576 
0.183144 
0.182393 
0.181984 
0.180810 
0.179721 
0.179817 
0.177659 
0.176464 
0.175817 
0.175176 
0.173784 
0.173299 
0.172261 
0.171281 
0.171038 
0.168953 
0.168411 
0.168144 
0.166914 
0.166175 
0.166172 
0.164686 
0.163657 
0.163025 
0.161803 
0.160435 
0.160671 
0.160121 
0.158066 
0.157508 
0.157807 
0.156343 
0.155375 
0.155272 
0.153959 
0.153092 
0.153125 
0.151696 
0.150632 
0.151187 
0.150154 
0.148722 
0.148146 
0.147050 
0.146195 
0.145512 
0.144962 
0.145374 
0.144768 
0.143329 
0.142539 
0.141996 
0.141585 
0.140187 
0.140486 
0.139063 
0.138361 
0.137477 
0.137698 
0.136292 
0.136220 
0.135734 
0.134383 
0.133258 
0.133841 
0.132468 
0.131752 
0.131939 
0.130625 
0.130351 
0.130481 
0.128578 
0.127583 
0.128145 
0.127336 
0.126266 
0.126017 
0.125907 
0.124646 
0.124588 
0.124159 
0.123175 
0.123068 
0.122099 
0.121768 
0.120625 
0.120654 
0.119515 
0.118429 
0.119182 
0.118527 
0.117523 
0.116926 
0.116425 
0.116023 
0.115955 
0.115096 
0.114471 
0.114226 
0.114266 
0.112948 
0.112490 
0.111752 
0.111388 
0.111076 
0.110418 
0.110361 
0.109666 
0.109029 
0.108855 
0.108484 
0.108293 
0.107447 
0.106166 
0.107472 
0.106223 
0.106003 
0.105259 
0.104652 
0.103893 
0.103964 
0.102802 
0.102498 
0.101870 
0.102693 
0.101286 
0.101286 
0.101380 
0.099745 
0.099287 
0.099805 
0.098335 
0.098466 
0.097906 
0.097576 
0.096803 
0.097543 
0.096634 
0.095234 
0.095561 
0.094873 
0.094560 
0.095341 
0.094760 
0.093769 
0.093268 
0.092785 
0.091716 
0.092232 
0.092500 
0.091252 
0.090922 
0.091510 
0.090701 
0.090112 
0.089432 
0.088323 
0.087891 
0.088431 
0.087521 
0.087617 
0.087919 
0.086275 
0.086069 
0.086427 
0.085973 
0.085310 
0.085162 
0.084783 
0.084164 
0.085309 
0.084506 
0.083334 
0.083108 
0.083430 
0.082208 
0.082192 
0.082510 
0.081784 
0.081584 
0.081454 
0.080274 
0.080045 
0.079889 
0.079161 
0.078499 
0.079103 
0.078637 
0.078088 
0.078312 
0.078279 
0.077530 
0.077445 
0.076932 
0.076112 
0.076406 
0.076110 
0.075592 
0.075158 
0.075571 
0.074348 
0.074068 
0.075225 
0.073597 
0.073105 
0.073877 
0.072936 
0.072464 
0.072848 
0.072627 
0.072152 
0.072472 
0.071464 
0.071081 
0.071053 
0.070448 
0.069820 
0.069896 
0.069386 
0.069143 
0.069406 
0.068769 
0.067804 
0.069157 
0.068949 
0.067917 
0.067705 
0.067773 
0.066411 
0.066773 
0.066534 
0.066588 
0.066094 
0.066109 
0.065258 
0.064959 
0.065411 
0.065627 
0.064020 
0.064602 
0.064319 
0.063815 
0.064307 
0.064158 
0.063306 
0.062873 
0.063130 
0.061987 
0.061790 
0.062264 
0.060960 
0.062005 
0.061866 
0.061401 
0.060871 
0.060850 
0.060430 
0.059672 
0.060805 
0.060111 
0.059356 
0.059906 
0.059020 
0.058636 
0.058238 
0.058635 
0.057852 
0.058397 
0.058192 
0.058501 
0.057617 
0.057537 
0.055646 
0.056717 
0.057026 
0.056160 
0.056420 
0.056499 
0.055429 
0.055697 
0.054995 
0.054296 
0.055524 
0.055080 
0.054323 
0.053773 
0.053777 
0.055001 
0.053528 
0.054881 
0.053407 
0.053781 
0.053004 
0.053355 
0.052121 
0.052035 
0.052594 
0.051741 
0.052147 
0.052445 
0.051606 
0.051006 
0.051145 
0.051027 
0.051203 
0.051091 
0.049949 
0.050500 
0.050376 
0.049336 
0.049317 
0.049536 
0.049753 
0.049160 
0.049027 
0.048640 
0.048565 
0.049265 
0.048154 
0.048523 
0.048601 
0.048484 
0.047613 
0.047684 
0.047900 
0.047560 
0.046298 
0.047561 
0.046350 
0.047220 
0.046650 
0.045361 
0.046793 
0.046963 
0.046027 
0.044972 
0.045148 
0.045034 
0.044727 
0.045778 
0.045281 
0.043829 
0.045307 
0.044454 
0.044106 
0.044831 
0.044303 
0.043369 
0.043387 
0.044117 
0.043233 
0.043482 
0.042645 
0.042662 
0.043003 
0.043130 
0.042503 
0.042667 
0.042592 
0.041798 
0.041529 
0.041220 
0.041945 
0.042254 
0.041837 
0.041856 
0.041514 
0.040886 
0.040413 
0.040833 
0.041055 
0.040585 
0.040383 
0.039668 
0.040202 
0.039690 
0.040354 
0.040528 
0.039002 
0.040668 
0.040178 
0.038793 
0.039546 
0.039428 
0.039264 
0.037855 
0.038268 
0.039058 
0.038689 
0.038326 
0.038192 
0.038029 
0.038271 
0.037764 
0.037761 
0.037183 
0.037774 
0.036859 
0.036906 
0.037344 
0.036680 
0.037393 
0.036582 
0.035775 
0.036177 
0.036834 
0.036112 
0.035933 
0.036623 
0.036283 
0.035313 
0.035572 
0.035675 
0.035357 
0.035049 
0.034744 
0.034376 
0.035170 
0.034988 
0.034159 
0.034066 
0.034491 
0.034636 
0.034006 
0.034242 
0.034657 
0.034311 
0.033797 
0.033701 
0.034306 
0.033452 
0.034010 
0.033445 
0.033344 
0.033034 
0.033063 
0.032530 
0.032970 
0.032632 
0.033318 
0.032567 
0.031808 
0.032859 
0.032812 
0.031841 
0.031700 
0.032666 
0.031760 
0.031214 
0.031731 
0.031773 
0.031982 
0.031527 
0.032092 
0.031317 
0.031291 
0.031234 
0.030715 
0.031321 
0.031038 
0.030762 
0.030825 
0.030006 
0.030734 
0.030491 
0.029769 
0.030221 
0.030076 
0.029793 
0.029884 
0.029464 
0.029483 
0.030121 
0.029876 
0.028918 
0.029646 
0.029394 
0.029358 
0.028884 
0.029115 
0.029005 
0.029778 
0.028635 
0.028217 
0.028487 
0.028158 
0.028643 
0.028265 
0.028544 
0.029075 
0.028095 
0.027015 
0.027965 
0.027495 
0.027594 
0.027611 
0.027689 
0.027996 
0.028141 
0.026791 
0.026906 
0.027523 
0.026985 
0.026217 
0.026397 
0.027353 
0.026789 
0.026596 
0.027059 
0.026634 
0.026293 
0.026127 
0.025171 
0.025581 
0.026354 
0.025794 
0.025543 
0.026583 
0.025773 
0.025731 
0.025566 
0.025075 
0.025102 
0.025942 
0.024736 
0.024764 
0.025858 
0.025139 
0.024800 
0.025390 
0.025124 
0.024542 
0.025157 
0.024511 
0.024750 
0.024867 
0.024713 
0.024119 
0.024578 
0.025126 
0.024187 
0.024120 
0.024161 
0.023925 
0.023604 
0.023930 
0.023688 
0.024210 
0.024125 
0.023739 
0.022996 
0.024177 
0.023034 
0.023095 
0.023401 
0.022695 
0.023456 
0.023014 
0.023535 
0.023377 
0.023632 
0.022993 
0.022303 
0.023031 
0.022825 
0.022245 
0.022788 
0.022447 
0.022992 
0.023031 
0.021709 
0.022372 
0.022392 
0.022203 
0.021364 
0.022110 
0.021933 
0.022031 
0.021516 
0.021445 
0.021450 
0.021107 
0.021493 
0.021530 
0.021902 
0.021135 
0.021899 
0.021626 
0.020432 
0.021473 
0.021145 
0.020393 
0.021504 
0.020820 
0.021441 
0.021354 
0.020589 
0.020968 
0.020900 
0.020668 
0.020076 
0.020726 
0.019807 
0.019958 
0.020744 
0.020244 
0.020111 
0.020211 
0.019597 
0.019924 
0.019959 
0.020340 
0.018936 
0.019714 
0.019799 
0.019712 
0.019934 
0.019584 
0.019758 
0.019615 
0.019370 
0.019077 
0.018568 
0.020160 
0.019470 
0.018653 
0.019012 
0.019226 
0.018862 
0.020164 
0.018994 
0.018814 
0.018735 
0.018632 
0.017729 
0.019252 
0.019073 
0.019027 
0.018051 
0.019001 
0.017671 
0.018562 
0.018927 
0.018079 
0.018145 
0.018413 
0.018098 
0.018177 
0.018230 
0.017853 
0.017803 
0.018281 
0.018149 
0.018392 
0.017676 
0.017211 
0.017697 
0.018262 
0.018215 
0.017778 
0.017484 
0.017429 
0.017003 
0.016504 
0.017420 
0.017256 
0.017498 
0.017687 
0.017080 
0.017439 
0.017192 
0.016653 
0.016283 
0.017675 
0.016530 
0.016344 
0.016680 
0.016481 
0.016370 
0.016988 
0.015937 
0.016929 
0.017300 
0.016799 
0.016170 
0.016529 
0.015985 
0.015982 
0.016585 
0.017661 
0.015322 
0.016147 
0.016511 
0.015244 
